0,-24,-8,1013,560,-210,-1050,0,-10,1000,-466,-156,-321
6168,-25,-10,1015,560,-210,-1050,0,-6,996,-456,-154,-321
12348,-23,-12,989,420,-70,-980,0,-6,1001,-475,-151,-324
18528,-23,-12,989,420,-70,-980,0,-11,1001,-475,-151,-324
24708,-25,-5,1018,490,-280,-1050,0,-9,1003,-459,-153,-324
30888,-25,-5,1014,560,-210,-1050,0,-9,1003,-459,-153,-324
37068,-26,-6,1014,560,-210,-1050,0,-14,1008,-465,-150,-322
43248,-24,-11,1013,560,-210,-1050,-2,-8,1000,-462,-157,-322
49427,-24,-11,1013,560,-210,-1050,-2,-8,1000,-462,-157,-322
55607,-25,-8,1015,560,-210,-1050,1,-10,1002,-469,-160,-322
61787,-27,-8,1010,560,-210,-1050,1,-10,1002,-471,-162,-322
67967,-27,-8,1010,560,-210,-1050,0,-9,1007,-471,-162,-322
74147,-25,-7,1015,560,-210,-1120,-1,-10,997,-468,-157,-315
80327,-24,-8,1013,490,-210,-1050,-1,-10,997,-468,-157,-315
86507,-24,-8,1013,490,-210,-1050,-1,-10,995,-460,-153,-325
92687,-24,-9,1014,490,-210,-1050,-2,-12,997,-460,-160,-331
98867,-24,-9,1014,560,-210,-1050,-2,-12,997,-460,-160,-331
105047,-23,-8,1014,560,-210,-1050,-1,-10,997,-463,-160,-322
111227,-24,-10,1012,490,-210,-1050,-1,-10,997,-466,-162,-316
117407,-24,-10,1012,490,-210,-1050,-2,-8,1000,-466,-162,-316
123587,-25,-9,1013,490,-210,-1050,0,-10,998,-472,-154,-330
129767,-25,-7,1014,490,-280,-1120,0,-10,998,-472,-154,-330
135947,-25,-7,1014,490,-280,-1120,0,-10,999,-468,-171,-327
142127,-24,-8,1014,420,-350,-1120,0,-10,999,-469,-159,-325
148307,-26,-10,1012,490,-420,-1120,1,-5,996,-469,-159,-325
154487,-26,-10,1012,490,-420,-1120,-2,-12,1006,-471,-153,-316
160667,-23,-6,1013,840,-770,-1190,-2,-12,1006,-471,-165,-321
166847,-23,-6,1013,490,-350,-1120,0,-11,1000,-459,-165,-321
173027,-24,-10,1012,490,-350,-1120,-1,-16,1009,-474,-154,-319
179207,-23,-7,1018,560,-280,-1050,-1,-16,1009,-474,-154,-319
185387,-23,-7,1018,560,-140,-1050,0,-8,996,-477,-159,-327
191567,-27,-11,1007,420,-140,-1050,0,-8,996,-462,-154,-333
197746,-23,-7,1019,560,-210,-1050,1,-11,1009,-462,-154,-333
203926,-23,-7,1019,560,-210,-1050,-1,-12,996,-466,-157,-331
210106,-25,-9,1010,490,-210,-1050,-1,-12,996,-466,-153,-319
216286,-25,-8,1013,560,-280,-1050,-1,-9,1002,-465,-153,-319
222466,-25,-8,1013,560,-280,-1050,-1,-9,1002,-474,-156,-319
228646,-25,-8,1015,560,-280,-1050,0,-10,1002,-474,-156,-319
234826,-25,-8,1015,560,-210,-1050,-1,-8,998,-468,-153,-319
241006,-26,-10,1010,560,-210,-1050,-1,-8,998,-459,-162,-327
247186,-24,-8,1014,630,-210,-1050,-1,-9,1003,-459,-162,-327
253366,-24,-8,1014,630,-280,-1050,0,-6,1001,-472,-165,-321
259546,-25,-8,1015,560,-280,-1050,0,-6,1001,-472,-165,-316
265726,-25,-8,1012,560,-210,-1050,-1,-8,999,-456,-157,-316
271906,-25,-8,1012,560,-210,-1050,-1,-8,999,-469,-160,-322
278086,-24,-8,1015,560,-210,-1050,0,-11,999,-469,-160,-322
284266,-25,-9,1014,630,-210,-1050,0,-11,1002,-463,-159,-319
290446,-25,-9,1014,630,-210,-1050,0,-11,1002,-468,-171,-318
296626,-24,-8,1013,490,-210,-1050,1,-12,1003,-468,-171,-318
302806,-24,-8,1013,490,-140,-1050,1,-11,1006,-474,-162,-325
308986,-24,-8,1014,490,-140,-1050,1,-11,1006,-474,-162,-318
315166,-25,-9,1011,490,-210,-1050,-1,-11,1003,-466,-166,-318
321346,-25,-9,1011,490,-280,-1050,-1,-11,1003,-465,-154,-325
327525,-24,-8,1015,560,-280,-1050,1,-12,999,-465,-154,-325
333705,-25,-7,1013,560,-210,-1050,0,-10,1003,-471,-157,-318
339885,-25,-7,1013,560,-210,-1050,0,-10,1003,-472,-162,-319
346065,-25,-8,1013,490,-210,-1050,-2,-10,1005,-472,-162,-319
352245,-25,-9,1014,420,-210,-1120,-2,-10,1005,-474,-159,-333
358425,-25,-9,1014,420,-210,-1120,-1,-7,1005,-474,-159,-333
364605,-26,-10,1013,420,-140,-1050,-2,-7,1003,-472,-163,-319
370785,-26,-10,1013,420,-210,-1050,-2,-7,1003,-468,-160,-319
376965,-25,-8,1013,420,-210,-1050,-2,-9,999,-468,-160,-319
383145,-25,-8,1013,490,-210,-1050,0,-9,1000,-469,-156,-331
389325,-25,-8,1013,490,-140,-1050,0,-9,1000,-462,-174,-315
395505,-24,-8,1012,490,-140,-1050,-2,-8,1000,-462,-174,-315
401685,-25,-8,1013,560,-210,-1050,-2,-8,1000,-472,-166,-324
407865,-25,-8,1013,560,-210,-1050,0,-11,995,-472,-166,-324
414045,-25,-9,1013,560,-140,-1120,-1,-10,1003,-465,-166,-331
420225,-23,-10,1013,630,-140,-1050,-1,-10,1003,-472,-162,-325
426405,-23,-10,1013,630,-140,-1050,0,-9,998,-472,-162,-325
432585,-25,-9,1013,560,-210,-1050,0,-9,1003,-465,-162,-312
438765,-25,-9,1013,560,-210,-1050,0,-8,1003,-474,-160,-325
444945,-25,-8,1013,560,-210,-1050,0,-10,1000,-474,-160,-325
451125,-25,-9,1012,560,-210,-1050,0,-10,1000,-466,-166,-315
457305,-25,-9,1012,560,-280,-1050,0,-9,999,-466,-166,-315
463484,-25,-9,1013,700,-280,-1050,0,-9,1001,-471,-162,-325
469664,-26,-9,1014,630,-210,-1050,0,-9,1001,-474,-172,-316
475844,-26,-9,1014,630,-210,-1050,0,-10,999,-474,-172,-316
482024,-26,-9,1012,630,-280,-1050,0,-10,999,-466,-169,-324
488204,-25,-7,1017,700,-280,-1050,0,-13,1004,-466,-156,-318
494384,-25,-7,1017,700,-280,-1050,0,-10,1000,-466,-156,-318
500564,-26,-9,1011,420,-210,-1050,0,-10,1000,-469,-168,-330
506744,-26,-9,1011,490,-210,-1050,0,-13,1005,-469,-168,-330
512924,-24,-7,1014,490,-210,-1050,0,-7,994,-472,-165,-324
519104,-24,-9,1011,490,-210,-1050,0,-7,994,-465,-169,-324
525284,-24,-9,1011,490,-210,-1050,1,-11,999,-465,-169,-324
531464,-23,-7,1016,490,-210,-1050,1,-11,999,-462,-181,-331
537644,-26,-9,1012,490,-140,-1050,0,-9,1003,-468,-171,-333
543824,-26,-9,1012,490,-140,-1050,0,-10,996,-468,-171,-333
550004,-23,-9,1014,490,-210,-1050,0,-10,996,-471,-168,-324
556184,-25,-9,1012,490,-210,-1050,-1,-10,994,-471,-168,-324
562364,-25,-9,1012,490,-210,-1050,-1,-10,994,-471,-166,-321
568544,-26,-8,1013,560,-140,-1050,-1,-10,994,-471,-175,-328
574724,-26,-8,1013,560,-210,-1050,0,-11,998,-471,-175,-328
580904,-26,-8,1013,560,-210,-1050,0,-11,998,-469,-166,-325
587084,-25,-8,1013,490,-210,-1050,-1,-8,1000,-469,-171,-327
593264,-25,-8,1013,490,-210,-1050,1,-10,997,-469,-171,-327
599443,-24,-8,1013,490,-210,-1050,1,-10,997,-463,-180,-327
605623,-24,-10,1013,490,-210,-1050,0,-11,999,-463,-180,-327
611803,-24,-10,1013,490,-210,-1050,0,-11,999,-472,-156,-315
617983,-25,-8,1012,560,-210,-1050,0,-9,1000,-469,-169,-315
624163,-24,-8,1016,560,-210,-1050,0,-12,1004,-469,-169,-315
630343,-24,-8,1016,560,-210,-1050,0,-12,1004,-465,-166,-325
636523,-25,-9,1011,490,-280,-1050,0,-14,1002,-468,-163,-330
642703,-25,-9,1011,490,-210,-1050,0,-14,1005,-468,-163,-330
648883,-25,-7,1014,490,-210,-1050,-1,-12,1005,-466,-174,-322
655063,-25,-9,1012,560,-210,-1050,0,-14,1003,-466,-174,-322
661243,-25,-9,1012,560,-210,-1120,0,-14,1003,-454,-168,-331
667423,-26,-8,1013,630,-210,-1120,0,-11,1000,-463,-177,-325
673603,-24,-8,1014,630,-210,-1050,-1,-12,1000,-463,-177,-325
679783,-24,-8,1014,630,-210,-1050,-1,-12,1000,-471,-174,-331
685963,-24,-9,1013,560,-210,-1050,0,-11,1000,-460,-172,-315
692143,-25,-8,1014,560,-210,-1050,0,-11,1000,-460,-172,-315
698323,-25,-8,1014,560,-210,-1050,0,-8,1000,-462,-163,-325
704503,-25,-8,1012,490,-210,-1050,-2,-7,998,-462,-163,-325
710683,-25,-8,1012,490,-210,-1050,-2,-7,998,-466,-174,-321
716863,-26,-8,1013,490,-210,-1050,-1,-8,1001,-465,-160,-321
723043,-25,-7,1013,490,-140,-1050,0,-8,1001,-465,-160,-321
729223,-25,-7,1013,490,-140,-1050,0,-8,1001,-474,-169,-324
735403,-25,-7,1014,490,-140,-1050,-1,-9,1000,-465,-174,-321
741582,-24,-8,1013,560,-210,-1050,-1,-9,1000,-465,-174,-321
747762,-24,-8,1013,560,-210,-1050,0,-12,999,-471,-168,-322
753942,-24,-8,1014,560,-210,-1050,0,-10,1003,-471,-168,-322
760122,-24,-9,1013,490,-210,-1050,0,-10,1003,-465,-165,-321
766302,-24,-9,1013,490,-210,-1050,-1,-10,998,-466,-169,-319
772482,-25,-8,1013,490,-140,-1050,-1,-10,998,-466,-169,-319
778662,-25,-8,1013,490,-210,-980,0,-9,1004,-472,-178,-324
784842,-25,-8,1013,490,-210,-980,0,-10,1006,-472,-171,-333
791022,-25,-8,1013,560,-210,-1050,0,-10,1006,-459,-171,-333
797202,-25,-8,1013,560,-210,-1050,0,-9,1004,-457,-163,-328
803382,-26,-8,1013,490,-210,-1050,0,-10,1004,-457,-163,-328
809562,-27,-9,1014,490,-210,-1050,0,-10,1004,-459,-169,-330
815742,-27,-9,1014,490,-210,-1050,0,-10,1002,-468,-162,-325
821922,-26,-8,1014,490,-210,-1050,0,-10,1002,-468,-162,-325
828102,-25,-9,1013,560,-210,-1050,-1,-10,1005,-462,-168,-322
834282,-25,-9,1013,560,-210,-1050,0,-10,1000,-462,-168,-325
840462,-24,-8,1012,490,-210,-1050,0,-10,1000,-468,-168,-325
846642,-24,-8,1012,560,-210,-1050,-1,-10,1003,-472,-163,-328
852822,-24,-9,1013,560,-210,-1050,-1,-10,995,-472,-163,-328
859002,-23,-8,1013,490,-210,-1050,0,-8,995,-463,-169,-325
865182,-23,-8,1013,490,-210,-1050,-1,-7,1000,-469,-166,-327
871362,-24,-9,1013,490,-210,-1050,-1,-7,1000,-469,-166,-327
877542,-24,-8,1012,490,-210,-1050,-1,-10,992,-466,-174,-331
883721,-24,-8,1012,490,-210,-1050,0,-7,1004,-466,-174,-322
889901,-25,-8,1014,490,-210,-1050,0,-7,1004,-465,-162,-322
896081,-25,-9,1012,560,-210,-1050,0,-7,997,-460,-168,-333
902261,-25,-9,1012,560,-210,-1050,0,-7,997,-460,-168,-333
908441,-25,-8,1014,630,-210,-1050,1,-7,1003,-468,-172,-331
914621,-25,-8,1014,560,-210,-1050,0,-10,1001,-466,-171,-330
920801,-25,-8,1012,560,-210,-1050,0,-10,1001,-466,-171,-330
926981,-26,-8,1014,560,-210,-1050,0,-11,1002,-468,-162,-331
933161,-26,-8,1014,560,-210,-1050,0,-11,1003,-468,-162,-324
939341,-25,-8,1012,490,-210,-1050,0,-11,1003,-451,-181,-324
945521,-24,-8,1013,490,-140,-1050,0,-11,1003,-466,-163,-319
951701,-24,-8,1013,490,-140,-1050,0,-11,1003,-466,-163,-319
957881,-25,-8,1012,560,-140,-1050,-1,-13,1002,-468,-163,-327
964061,-24,-9,1012,560,-140,-1120,0,-8,997,-466,-168,-324
970241,-24,-9,1012,560,-140,-1120,0,-8,997,-466,-168,-324
976421,-23,-9,1012,560,-210,-1050,-1,-7,1000,-460,-177,-328
982601,-23,-9,1012,560,-210,-1120,-1,-7,1000,-460,-177,-328
988781,-26,-10,1014,560,-210,-1120,-2,-8,997,-468,-172,-325
994961,-30,-15,1014,560,-210,-1330,-10,0,999,-460,-166,-321
1001141,-30,-15,1014,560,-210,-1820,-10,0,999,-460,-166,-321
1007321,-37,-25,1011,630,-210,-1820,-20,7,1002,-468,-169,-331
1013501,-40,-30,1014,630,-210,-3080,-18,8,1002,-460,-171,-330
1019680,-40,-30,1014,630,-210,-3080,-18,8,1002,-460,-171,-330
1025860,-36,-24,1013,560,-210,-4550,-12,2,1004,-468,-165,-328
1032040,-39,-16,1013,630,-210,-5600,-12,2,1004,-468,-165,-328
1038220,-39,-16,1013,630,-210,-5600,-4,6,1000,-472,-165,-322
1044400,-48,-18,1013,560,-210,-6160,-10,21,998,-466,-171,-330
1050580,-48,-18,1013,630,-210,-6580,-10,21,998,-466,-171,-330
1056760,-59,-22,1012,630,-210,-6580,-15,22,1001,-469,-171,-331
1062940,-61,-29,1008,770,-140,-6790,-15,22,999,-465,-168,-324
1069120,-61,-29,1008,770,-140,-6790,-25,30,999,-465,-168,-324
1075300,-67,-37,1018,630,-210,-6790,-43,29,1005,-460,-172,-324
1081480,-66,-62,1008,560,-140,-6790,-43,29,1005,-460,-172,-324
1087660,-66,-62,1008,560,-140,-6790,-58,39,1007,-460,-175,-321
1093840,-74,-74,1017,630,-280,-7420,-74,73,979,-472,-163,-325
1100020,-108,-85,998,700,-140,-8050,-74,73,979,-472,-163,-325
1106200,-108,-85,998,700,-140,-8050,-61,50,1022,-468,-165,-336
1112380,-85,-70,1032,770,-210,-9240,-61,50,1022,-466,-162,-330
1118560,-85,-70,1032,560,-210,-10010,-63,85,984,-466,-162,-330
1124740,-117,-67,999,560,-210,-10010,-46,78,978,-462,-163,-337
1130920,-113,-52,1000,840,-140,-10990,-46,78,978,-462,-163,-337
1137100,-113,-52,1000,840,-140,-10990,-21,59,1018,-469,-157,-322
1143279,-89,-24,1034,1120,-490,-11480,-13,48,974,-468,-163,-324
1149460,-83,-25,983,490,-140,-10920,-13,48,974,-468,-163,-324
1155639,-83,-25,983,490,-140,-10920,-2,6,1013,-471,-160,-339
1161820,-44,-13,1033,980,-420,-10220,-2,6,1013,-480,-171,-322
1167999,-40,-17,1006,700,-140,-9240,-7,5,993,-480,-171,-322
1174179,-40,-17,1006,700,-140,-9240,-6,-17,1015,-471,-162,-331
1180359,-20,-16,1023,910,-140,-8890,-6,-17,1015,-471,-162,-331
1186539,-20,-16,1023,420,-350,-8050,-17,-9,984,-471,-156,-343
1192719,-29,-26,1010,420,-350,-8050,-17,-9,984,-478,-156,-333
1198899,-46,-33,1005,700,-210,-6720,-23,7,1001,-478,-156,-333
1205079,-46,-33,1005,700,-210,-6720,-40,20,979,-475,-153,-328
1211259,-53,-40,1011,560,-140,-6580,-40,20,979,-469,-153,-339
1217439,-65,-30,1027,700,-630,-5670,-13,23,1045,-469,-153,-339
1223619,-65,-30,1027,700,-630,-5670,-25,48,954,-471,-153,-345
1229799,-79,-20,993,210,280,-4200,-25,48,954,-471,-153,-345
1235979,-54,-18,1044,840,-420,-3290,1,7,1018,-478,-157,-340
1242159,-54,-18,1044,840,-420,-3290,1,7,1018,-477,-157,-339
1248339,-48,-14,981,350,0,-2520,-1,6,978,-477,-157,-339
1254519,-48,-14,981,770,-350,-1610,13,-18,1003,-474,-156,-337
1260699,-24,4,1035,770,-350,-1610,13,-18,1003,-469,-154,-345
1266879,-28,5,996,840,-70,-980,12,-8,999,-469,-154,-345
1273059,-28,5,996,840,-70,-980,12,-8,1040,-471,-160,-340
1279239,-5,-19,1008,490,-280,-350,0,-20,1040,-471,-160,-340
1285419,-9,-4,1040,420,-350,-70,12,-28,1006,-487,-150,-354
1291598,-9,-4,1040,420,-350,-70,12,-28,1006,-478,-145,-361
1297778,-30,-19,978,140,420,-210,-9,-5,980,-478,-145,-361
1303958,-8,4,1039,980,-700,-140,11,-29,1062,-475,-151,-358
1310138,-8,4,1039,980,-700,-140,11,-29,1062,-469,-145,-351
1316318,-28,-28,985,0,140,1050,-11,-11,965,-469,-145,-351
1322498,-28,-28,985,560,-210,1610,-11,-11,965,-471,-144,-351
1328678,-20,0,1038,560,-210,1610,-9,1,992,-471,-144,-351
1334858,-45,-12,992,280,-140,2170,4,4,995,-472,-145,-364
1341038,-45,-12,992,280,-140,2170,4,4,995,-486,-138,-354
1347218,-36,-9,1024,560,0,2660,-2,-5,986,-486,-138,-354
1353398,-28,6,1026,700,-140,3150,-3,-9,1004,-471,-139,-370
1359578,-28,6,1026,700,-140,3150,-3,-9,1004,-459,-139,-367
1365758,-35,-17,995,280,-140,4060,11,-13,1011,-459,-139,-367
1371938,-22,-5,1031,560,-350,4970,11,-13,1011,-471,-147,-352
1378118,-22,-5,1031,560,-350,4970,-11,1,953,-471,-147,-352
1384298,-33,-14,1004,350,-70,5880,-4,-17,1045,-480,-144,-370
1390478,-33,-14,1004,350,-140,6230,-4,-17,1045,-474,-141,-366
1396658,-30,-7,1016,350,-140,6230,-4,-9,999,-474,-141,-366
1402838,-38,-10,1002,560,-70,6090,-4,-9,999,-474,-132,-370
1409018,-38,-10,1002,560,-70,6090,-13,14,975,-474,-129,-370
1415198,-37,-16,1032,350,-70,5740,3,-7,1022,-477,-129,-370
1421378,-32,-15,1015,350,-210,5460,3,-7,1022,-466,-129,-363
1427558,-32,-15,1015,350,-210,5460,-18,15,974,-466,-129,-363
1433737,-43,-13,993,350,-70,4550,10,0,1015,-475,-127,-370
1439917,-43,-6,1033,560,0,3780,10,0,1015,-474,-124,-372
1446097,-43,-6,1033,560,0,3780,-11,24,982,-474,-124,-372
1452277,-59,-13,1003,490,-140,2940,-11,24,982,-481,-133,-367
1458457,-59,-13,1003,560,-350,2310,6,5,1017,-481,-130,-372
1464637,-44,-8,1012,560,-350,2310,-3,29,970,-477,-130,-372
1470817,-55,-21,1002,490,-70,1470,-3,29,970,-475,-115,-381
1476997,-55,-21,1002,490,-70,1470,-5,1,991,-475,-115,-381
1483177,-43,-5,1019,210,-210,630,-5,1,1016,-472,-118,-370
1489357,-29,15,1016,560,-350,-420,28,5,1016,-477,-127,-375
1495537,-29,15,1016,560,-350,-420,35,-19,1004,-477,-127,-375
1501717,-19,10,1008,630,-140,-1890,35,-19,1004,-472,-114,-384
1507897,3,18,1023,630,-210,-3360,16,-36,1017,-472,-114,-376
1514077,3,18,1023,630,-210,-3360,15,-24,974,-481,-121,-376
1520257,-8,0,1000,490,-280,-4690,15,-24,974,-468,-106,-384
1526437,-8,0,1000,700,-210,-6440,21,-19,1035,-468,-106,-384
1532617,-12,10,1028,700,-210,-6440,21,-19,1035,-469,-112,-375
1538797,-22,-16,1003,490,-210,-7420,-14,-8,980,-481,-117,-387
1544977,-22,-16,1003,490,-210,-7420,0,-12,1005,-481,-117,-387
1551157,-28,-10,1019,910,-280,-8050,0,-12,1005,-469,-123,-388
1557337,-32,-17,1007,490,-140,-7840,-10,-3,979,-469,-123,-384
1563517,-32,-17,1007,490,-140,-7840,4,-17,1010,-477,-108,-384
1569696,-20,-1,1032,840,-350,-7630,4,-17,1010,-475,-100,-388
1575877,-10,-5,993,350,0,-7140,10,-29,979,-475,-100,-388
1582056,-10,-5,993,350,0,-7140,10,-29,979,-481,-105,-388
1588236,-9,1,1016,840,-140,-6580,26,-24,1018,-480,-111,-387
1594416,-9,1,1016,770,-350,-6020,0,-37,993,-480,-111,-387
1600596,2,14,1023,770,-350,-6020,0,-37,993,-474,-105,-397
1606776,-5,0,1006,630,-70,-5180,4,-38,982,-474,-105,-397
1612956,-5,0,1006,630,-70,-5180,4,-38,982,-471,-108,-394
1619136,0,0,1017,770,-210,-3850,6,-38,1007,-489,-105,-390
1625316,-3,-3,1003,700,-560,-1960,17,-44,1026,-489,-105,-390
1631496,-3,-3,1003,700,-560,-1960,17,-44,1026,-480,-100,-385
1637676,-18,-14,1019,700,-210,210,-21,0,995,-472,-99,-397
1643856,-45,-30,1015,630,-280,2590,-12,5,1031,-472,-99,-397
1650036,-45,-30,1015,630,-280,2590,-12,5,1031,-463,-102,-391
1656216,-70,-47,987,140,140,4480,-37,32,983,-463,-102,-391
1662396,-70,-47,987,560,-420,5040,-37,32,983,-474,-93,-405
1668576,-43,-32,1041,560,-420,5040,-27,24,1010,-465,-88,-406
1674756,-68,-53,992,350,210,3850,-22,32,965,-465,-88,-406
1680936,-68,-53,992,350,210,3850,-22,32,965,-477,-93,-393
1687116,-16,-29,1031,630,-140,770,-34,-23,1032,-471,-88,-396
1693296,-33,-21,991,420,-70,-1120,-34,-23,989,-471,-88,-396
1699476,-33,-21,991,420,-70,-1120,-1,4,989,-472,-85,-406
1705656,-39,0,1024,490,-210,-2730,4,-2,976,-472,-85,-406
1711836,-32,6,1021,700,-70,-3850,4,-2,976,-465,-85,-403
1718016,-32,6,1021,700,-70,-3850,21,-12,991,-466,-81,-411
1724195,-18,14,1016,490,-210,-4900,15,-15,1017,-466,-81,-411
1730375,-18,14,1016,490,0,-4270,15,-15,1017,-465,-70,-412
1736555,-27,3,1022,490,0,-4270,3,-10,992,-480,-82,-417
1742735,-29,-15,1017,630,-210,-2800,3,-10,992,-480,-82,-417
1748915,-29,-15,1017,630,-210,-2800,-11,-15,1010,-463,-78,-414
1755095,-33,-18,1006,210,0,-1540,-19,-11,1001,-463,-78,-414
1761275,-16,-15,1038,700,-280,-1050,-19,-11,1001,-472,-70,-418
1767455,-16,-15,1038,700,-280,-1050,-4,-14,989,-459,-66,-406
1773635,-20,-30,991,280,140,-420,-14,-30,1047,-459,-66,-406
1779815,-8,-21,1030,840,-350,-210,-14,-30,1047,-468,-76,-412
1785995,-8,-21,1030,840,-350,-210,-23,-19,976,-459,-66,-415
1792175,1,-44,1006,420,-210,630,-23,-19,976,-459,-66,-415
1798355,1,-44,1006,420,-210,1050,-30,-32,1014,-463,-66,-424
1804535,-12,-30,1009,420,-210,1050,-27,-19,985,-463,-66,-424
1810715,-15,-19,1006,280,-70,1610,-27,-19,985,-466,-61,-415
1816895,-15,-19,1006,280,-70,1610,1,-11,996,-475,-63,-426
1823075,-25,-12,1005,420,-70,2030,1,-11,996,-475,-63,-426
1829255,-15,0,1022,630,-140,1610,10,-19,1017,-471,-57,-415
1835435,-15,0,1022,630,-140,1610,5,-10,968,-463,-48,-426
1841615,-20,1,998,210,0,1050,5,-10,968,-463,-48,-426
1847794,-20,-5,1017,560,0,210,-2,0,1018,-471,-46,-418
1853974,-34,-5,1017,560,0,210,11,-11,1022,-471,-46,-418
1860154,-20,-5,1031,770,-280,-700,11,-11,1022,-463,-48,-426
1866334,-20,-5,1031,210,0,-1260,2,-1,1010,-463,-43,-424
1872514,-37,-10,1008,210,0,-1260,2,-1,1010,-463,-43,-424
1878694,-32,-15,1009,350,-140,-2030,-10,9,987,-469,-39,-424
1884874,-32,-15,1009,350,-140,-2030,-1,-31,1005,-457,-40,-421
1891054,-20,-5,1008,700,-140,-3080,-1,-31,1005,-457,-40,-421
1897234,-23,-8,1010,630,-140,-4130,17,4,1016,-450,-34,-430
1903414,-23,-8,1010,630,-140,-4130,17,4,989,-450,-34,-430
1909594,-25,4,1019,700,-140,-5180,-9,-7,989,-460,-25,-421
1915774,-25,-17,1006,630,-140,-5670,1,-20,1017,-466,-25,-432
1921954,-29,-17,1006,630,-140,-5670,1,-20,1017,-466,-25,-432
1928134,-34,-7,1006,630,-140,-5180,-14,-2,1000,-468,-21,-424
1934314,-34,-7,1006,280,-210,-4550,-12,-5,982,-451,-22,-426
1940494,-28,-20,1020,280,-210,-4550,-12,-5,982,-451,-22,-426
1946674,-24,-10,1011,630,-70,-3990,15,-8,1011,-462,-16,-430
1952854,-24,-10,1011,630,-70,-3990,15,-8,1011,-462,-16,-430
1959034,-15,-11,1007,350,0,-3150,-9,-23,983,-462,-12,-436
1965214,-15,-9,1017,770,-350,-2660,10,-19,1037,-466,-6,-429
1971394,-15,-9,1017,770,-350,-2660,10,-19,1037,-466,-6,-429
1977573,-22,-8,1003,490,-70,-2380,-23,-14,991,-456,-9,-429
1983754,-22,-17,1017,560,-280,-2170,5,-3,1009,-456,-9,-427
1989934,-30,-17,1017,560,-280,-2170,5,-3,1009,-454,-9,-427
1996113,-35,-18,1032,560,-280,-1610,-10,4,1006,-462,4,-429
2002293,-35,-18,1032,350,0,-1050,-10,4,1006,-462,4,-429
2008473,-41,-32,994,350,0,-1050,-7,0,1007,-457,1,-435
2014653,-43,-25,1017,420,-210,-350,-31,20,993,-454,13,-421
2020833,-43,-25,1017,420,-210,-350,-31,20,993,-454,13,-421
2027013,-41,-25,1031,560,-140,1050,-28,0,998,-462,13,-427
2033193,-57,-25,991,140,70,2730,-28,0,998,-462,15,-424
2039373,-57,-25,991,140,70,2730,2,-2,1038,-453,15,-424
2045553,-41,-10,1033,630,-490,3080,-26,21,943,-465,30,-439
2051733,-41,-10,997,420,70,3290,-26,21,943,-465,30,-439
2057913,-40,-10,997,420,70,3290,27,-3,1037,-450,24,-429
2064093,-18,7,1024,490,-140,3010,20,-8,992,-465,25,-427
2070273,-18,7,1024,490,-140,2100,20,-8,992,-465,25,-427
2076453,-20,-5,990,490,-140,2100,4,-32,1033,-456,28,-433
2082633,-7,9,1033,630,-140,1050,4,-32,1033,-456,28,-427
2088813,-7,9,1033,630,-140,1050,1,-10,956,-456,36,-427
2094993,-21,5,998,420,-280,140,21,-13,1020,-453,40,-414
2101173,-27,4,1007,560,140,350,21,-13,1020,-453,40,-414
2107353,-27,4,1007,560,140,350,6,-5,975,-457,43,-424
2113532,-16,5,1023,770,-350,350,6,-5,1010,-453,57,-423
2119712,-16,-4,1010,140,140,700,-2,-11,1010,-453,57,-423
2125893,-24,-4,1010,140,140,700,11,-10,1021,-457,46,-426
2132072,-33,-3,1019,560,-140,630,11,-10,1021,-457,46,-424
2138252,-33,-3,1019,420,-280,1050,12,-3,998,-447,49,-424
2144432,-37,-31,989,420,-280,1050,-26,16,1001,-459,55,-426
2150612,-32,-15,1036,350,-210,2100,-26,16,1001,-459,55,-426
2156792,-32,-15,1036,350,-210,2100,-3,-8,1015,-444,60,-429
2162972,-38,-19,988,630,70,2520,-3,-8,1015,-444,69,-420
2169152,-23,-12,1000,420,-350,3080,-8,-17,975,-444,69,-420
2175332,-23,-12,1000,420,-350,3080,13,-37,1012,-450,66,-420
2181512,-6,14,1037,560,-140,3780,13,-37,1012,-450,66,-420
2187692,-6,-7,959,280,0,4270,6,2,957,-453,64,-423
2193872,-34,-7,959,280,0,4270,6,-25,1048,-454,76,-418
2200052,-13,0,1053,560,-350,5180,6,-25,1048,-454,76,-418
2206232,-13,0,1053,350,140,5600,6,-7,983,-448,64,-429
2212412,-28,-4,1009,350,140,5600,6,-7,983,-454,72,-412
2218592,-46,-9,985,210,-70,5390,7,11,958,-454,72,-412
2224772,-46,-9,985,210,-70,5390,9,6,1056,-450,87,-421
2230952,-46,3,1030,490,-210,5180,9,6,1056,-450,87,-421
2237132,-46,0,1034,490,70,4900,7,28,996,-445,76,-418
2243312,-46,0,1034,490,70,4900,7,28,996,-450,87,-421
2249492,-47,5,1012,630,-210,3990,0,8,978,-450,87,-421
2255672,-47,5,1014,420,-210,3150,-3,5,1003,-447,85,-412
2261852,-48,-8,1014,420,-210,3150,-3,5,1003,-450,85,-403
2268032,-39,-22,1012,560,-210,2590,-4,14,967,-450,85,-403
2274211,-39,-22,1012,560,-140,2170,12,7,1027,-451,100,-414
2280391,-43,-13,975,560,-140,2170,12,7,1027,-451,100,-414
2286571,-45,-23,1003,350,140,2170,-16,11,994,-448,99,-409
2292751,-45,-23,1003,350,140,2170,-16,11,994,-445,103,-409
2298931,-32,-13,1025,700,-350,2450,-8,0,1017,-445,103,-409
2305111,-59,-12,1004,350,140,2450,-11,10,986,-447,106,-414
2311291,-59,-12,1004,350,140,2450,-11,10,986,-447,108,-411
2317471,-43,-20,1020,350,-350,2730,-13,17,987,-447,108,-411
2323651,-43,-20,995,560,-140,2870,-13,17,1045,-447,106,-394
2329831,-39,-23,995,560,-140,2870,0,-4,1045,-447,106,-394
2336011,-29,-2,1024,700,-210,3220,-17,6,956,-442,114,-402
2342191,-29,-2,1024,350,-70,3220,-17,6,956,-454,109,-390
2348371,-30,-4,996,350,-70,3220,20,-31,1027,-454,109,-390
2354551,-21,0,1024,490,-210,2520,5,-17,992,-445,111,-391
2360731,-21,0,1024,490,-210,2520,5,-17,992,-447,121,-390
2366911,-13,0,1014,350,-70,1540,14,-24,1001,-447,121,-390
2373091,-2,-5,1014,490,-210,420,14,-24,1001,-447,126,-393
2379271,-2,-5,1014,490,-210,420,-5,-13,984,-447,126,-393
2385451,-13,-7,1015,560,0,-560,-13,-24,997,-439,129,-390
2391631,-13,-7,978,420,-140,-980,-13,-24,997,-448,133,-384
2397811,-27,-24,978,420,-140,-980,-5,-20,984,-448,133,-384
2403991,2,-8,1085,560,-490,-700,-27,-10,1016,-441,130,-394
2410171,2,-8,1085,70,350,210,-27,-10,1016,-441,130,-381
2416350,-33,-32,972,70,350,210,-11,-28,1027,-441,130,-381
2422530,-12,-3,1031,560,-420,1050,-11,-28,1027,-442,138,-394
2428710,-12,-3,1031,560,-420,1050,-11,-14,944,-442,138,-394
2434890,-12,-18,1013,420,-70,1610,12,-29,1084,-441,139,-390
2441070,-17,-11,993,490,-210,2030,12,-29,1084,-441,145,-372
2447250,-17,-11,993,490,-210,2030,-2,-17,968,-441,145,-372
2453430,-16,-1,956,70,-70,2590,-2,-17,968,-441,141,-387
2459610,-16,-1,1026,560,-140,2170,-22,4,945,-429,130,-376
2465790,-30,-12,1026,560,-140,2170,14,-2,1053,-429,130,-376
2471970,-39,-11,1008,350,0,2240,14,-2,1053,-441,150,-384
2478150,-39,-11,1008,420,-280,2520,0,-4,981,-441,150,-384
2484330,-29,-14,1004,420,-280,2520,7,-4,1004,-435,157,-369
2490510,-22,-11,1024,630,70,2520,7,-4,1004,-438,144,-367
2496690,-22,-11,1024,630,70,2520,-11,-17,1002,-438,144,-367
2502870,-29,-20,996,350,140,1680,-11,-17,1002,-441,150,-378
2509050,-10,-8,1020,280,-350,420,-7,-6,994,-442,153,-373
2515230,-10,-8,1020,280,-350,420,1,-14,1014,-442,153,-373
2521410,-30,-7,1010,280,140,-1120,1,-14,1014,-441,154,-370
2527590,-30,-7,1015,700,-420,-2800,13,-14,1007,-441,154,-370
2533769,-17,2,1015,700,-420,-2800,13,-14,995,-436,163,-364
2539950,-24,-9,995,700,-210,-4480,7,-8,995,-435,151,-363
2546130,-24,-9,995,770,-280,-5600,-23,-26,1007,-435,151,-363
2552309,-7,-13,1042,770,-280,-5600,-23,-26,1007,-435,169,-358
2558489,-21,-5,986,630,-210,-6790,14,-6,962,-436,159,-358
2564669,-21,-5,986,630,-210,-6790,15,-21,1024,-436,159,-358
2570849,-13,1,1013,840,-210,-8610,15,-21,1024,-433,169,-352
2577029,-14,-15,1024,490,-210,-9450,-18,-2,969,-433,169,-352
2583209,-14,-15,1024,490,-210,-9450,-18,-2,969,-426,159,-349
2589389,-5,7,980,910,0,-9730,15,-35,996,-441,174,-352
2595569,-5,7,1057,770,-350,-10990,0,-30,1029,-441,174,-352
2601749,-2,-13,1057,770,-350,-10990,0,-30,1029,-432,171,-355
2607929,-17,-32,997,560,0,-11480,-25,-22,958,-432,171,-349
2614109,-17,-32,997,1120,-490,-11270,5,-30,1075,-433,165,-349
2620289,-19,-12,1000,1120,-490,-11270,5,-30,1075,-435,175,-348
2626469,-18,-27,1039,490,-210,-10360,-22,-8,932,-435,175,-348
2632649,-18,-27,1039,490,-210,-10360,-22,-8,932,-429,183,-340
2638829,-26,-16,986,980,-280,-8820,4,-19,1075,-429,181,-352
2645009,-32,-15,1027,490,-210,-7840,-1,6,953,-429,181,-352
2651189,-32,-15,1027,490,-210,-7840,-1,6,953,-429,175,-342
2657369,-27,-7,1032,770,-140,-6930,-18,-13,1008,-429,175,-334
2663549,-27,-7,962,0,70,-6230,-18,-13,1008,-427,180,-334
2669729,-58,-30,962,0,70,-6230,-11,18,997,-438,193,-349
2675909,-28,-3,1066,1050,-630,-5600,2,3,998,-438,193,-349
2682089,-28,-3,1066,70,210,-5110,2,3,998,-432,172,-340
2688269,-62,-24,973,70,210,-5110,-16,0,1004,-430,186,-337
2694448,-30,7,1038,1050,-350,-4970,-12,4,958,-430,186,-337
2700628,-30,7,1038,1050,-350,-4970,-12,4,958,-427,178,-336
2706808,-28,-13,1019,280,-140,-4480,11,0,1016,-427,178,-336
2712988,-36,-5,993,490,-210,-4200,11,0,1016,-427,177,-331
2719168,-36,-5,993,490,-210,-4200,8,-10,997,-429,193,-324
2725348,-27,12,1006,770,-210,-3780,25,-30,1009,-429,193,-324
2731528,-27,12,1003,420,-70,-2870,25,-30,1009,-423,183,-327
2737708,-2,-7,1003,420,-70,-2870,-1,-13,1016,-427,187,-334
2743888,-30,-4,979,490,-210,-2170,-1,-13,973,-427,187,-334
2750068,-30,-4,979,280,0,-1680,2,2,973,-432,184,-322
2756248,-19,-16,1047,280,0,-1680,-1,-2,1006,-432,184,-322
2762428,-36,-19,989,770,-210,-1750,-1,-2,1006,-421,187,-322
2768608,-36,-19,989,770,-210,-1750,-3,-13,1018,-418,187,-325
2774788,-30,-12,991,210,-210,-1610,0,-5,998,-418,187,-325
2780968,-11,-6,1028,770,-70,-1470,0,-5,998,-426,189,-321
2787148,-11,-6,1028,770,-70,-1470,-9,-25,984,-426,190,-313
2793328,-53,-3,959,-70,140,-1680,-9,-25,984,-426,190,-313
2799508,-53,-3,1095,770,-490,-2170,13,-13,1020,-417,184,-316
2805688,5,19,1095,770,-490,-2170,18,0,983,-417,184,-316
2811868,-49,-19,929,0,350,-2660,18,0,983,-414,189,-312
2818048,-49,-19,929,0,-560,-2800,13,-21,999,-420,190,-315
2824228,-3,19,1055,770,-560,-2800,5,-21,1016,-420,190,-315
2830407,-14,-6,1016,560,-70,-2660,5,-21,1016,-420,196,-307
2836587,-14,-6,1016,560,-70,-2660,0,-7,980,-420,177,-318
2842767,-28,-10,983,70,280,-2800,0,-7,980,-420,177,-318
2848947,-13,-7,1005,1050,-630,-3150,-2,-11,984,-417,193,-309
2855127,-13,-7,1005,1050,-630,-3150,-24,-12,1002,-417,193,-309
2861307,-28,-34,1011,140,140,-3710,-24,-12,1002,-430,187,-313
2867487,-28,-34,1011,910,-280,-3710,10,-10,1021,-418,187,-310
2873667,-18,-4,1035,910,-280,-3710,10,-10,1021,-418,187,-310
2879847,-32,-35,964,-70,210,-4060,-25,-7,979,-417,199,-301
2886027,-32,-35,964,-70,-420,-4550,-7,-20,1034,-418,193,-292
2892207,-12,-14,1068,630,-420,-4550,-7,-20,1034,-418,193,-292
2898387,-32,-24,982,420,0,-4970,-10,-5,971,-415,205,-303
2904567,-32,-24,982,420,0,-4970,0,-11,1024,-415,205,-303
2910747,-18,2,1026,630,-140,-5460,0,-11,1024,-421,190,-301
2916927,-29,-8,1004,350,-140,-5880,20,2,1002,-411,205,-298
2923107,-29,-8,1004,350,-140,-5880,20,2,1002,-411,205,-298
2929287,-48,-18,1009,280,-350,-5670,-17,1,990,-418,204,-306
2935467,-48,-18,1009,840,-420,-5460,2,-16,1037,-414,195,-291
2941647,-21,-2,1036,840,-420,-5460,2,-16,1037,-414,195,-291
2947827,-50,-24,976,140,70,-5460,-2,12,974,-412,190,-297
2954007,-50,-24,976,140,-420,-5810,-2,12,995,-412,190,-297
2960187,-23,-2,1039,980,-420,-5810,-10,0,995,-411,195,-289
2966366,-31,-12,1008,560,-70,-6090,-25,-18,1007,-427,190,-295
2972546,-31,-12,1008,560,-70,-6090,-25,-18,1007,-427,190,-295
2978726,-36,-12,1022,630,-70,-6020,-10,4,975,-423,195,-282
2984906,-28,-15,1015,350,-140,-5880,10,-11,1016,-412,199,-288
2991086,-28,-15,1015,350,-140,-5880,10,-11,1016,-412,199,-288
2997266,-25,-9,1008,770,-350,-6230,4,-10,998,-421,193,-280
3003446,-25,-9,1008,420,-70,-6650,4,-10,998,-421,193,-280
3009626,-20,-4,1013,420,-70,-6650,-5,-6,1004,-402,201,-282
3015806,-14,-19,997,490,-210,-7140,14,-13,1013,-415,202,-277
3021986,-14,-19,997,490,-140,-7350,14,-13,1013,-415,202,-277
3028166,-23,0,1001,630,-140,-7350,6,0,994,-408,199,-288
3034346,-34,-7,1001,490,-210,-7210,15,-8,1028,-418,202,-286
3040526,-34,-7,1001,490,-210,-7210,15,-8,1028,-418,202,-286
3046706,-38,0,1013,700,-140,-7490,-9,9,977,-418,192,-280
3052886,-43,-14,1024,490,-210,-7490,-9,9,977,-418,192,-280
3059066,-43,-14,1024,490,-210,-7490,1,2,1030,-418,195,-273
3065246,-48,-11,1004,560,0,-7210,-20,3,965,-409,196,-276
3071426,-48,-11,1004,420,-210,-6580,-20,3,965,-409,196,-276
3077606,-36,-15,1025,420,-210,-6580,9,5,1017,-417,196,-276
3083786,-33,-10,1014,350,0,-5600,9,5,1017,-411,186,-277
3089966,-33,-10,1014,350,-210,-5390,11,-11,1032,-411,186,-277
3096146,-20,15,1010,700,-210,-5390,9,-19,990,-414,205,-282
3102326,-30,-11,990,350,-210,-5810,9,-19,990,-414,205,-282
3108505,-30,-11,990,350,-210,-5810,7,0,971,-415,192,-286
3114685,-17,18,925,840,-350,-5530,1,-7,1008,-405,199,-276
3120865,-28,-17,954,350,140,-5110,1,-7,1008,-405,199,-276
3127045,-28,-17,954,350,140,-5110,18,-25,1001,-415,199,-267
3133225,-14,8,989,910,-350,-4410,18,-25,1001,-411,189,-271
3139405,-14,8,989,280,0,-3360,-3,-4,995,-411,189,-271
3145585,-19,-16,987,280,0,-3360,-5,-21,990,-408,205,-268
3151765,-20,-7,1036,280,-280,-1610,-5,-21,990,-408,205,-268
3157945,-20,-7,1036,280,70,140,10,-27,1006,-415,187,-276
3164125,-20,-27,974,420,70,140,10,-27,1012,-414,195,-279
3170305,8,19,1044,840,-280,980,0,-52,1012,-414,195,-279
3176485,8,19,1044,840,-280,980,4,-25,981,-406,189,-265
3182665,-14,-7,985,-210,140,1820,4,-25,981,-409,198,-261
3188845,-3,10,1039,560,-420,2520,27,-24,1024,-409,198,-261
3195025,-3,10,1039,560,-420,2520,-1,-50,995,-409,207,-274
3201205,6,-2,1003,420,0,3220,-1,-50,995,-409,207,-274
3207385,6,-2,1003,280,0,3990,24,-33,1012,-414,189,-271
3213565,-5,12,1021,280,0,3990,24,-33,1012,-415,201,-264
3219745,-6,0,1003,350,-140,4550,5,-17,976,-415,201,-264
3225925,-6,0,1003,350,0,4970,11,-26,1024,-415,196,-265
3232105,-12,5,1028,350,0,4970,11,-26,1024,-415,196,-265
3238285,-19,-11,1014,280,-70,5600,7,-14,988,-409,189,-265
3244464,-19,-11,1014,280,-70,5600,7,-29,988,-417,190,-259
3250644,-9,14,1012,560,-210,6020,15,-29,988,-417,190,-259
3256824,-12,7,1009,210,0,6300,12,-17,1009,-424,190,-258
3263004,-12,7,1009,210,0,6300,12,-17,1009,-412,189,-262
3269184,-17,4,1021,420,-280,6580,5,-10,1006,-412,189,-262
3275364,-17,4,1021,140,70,7210,2,-34,1010,-406,190,-274
3281544,-21,-19,1000,140,70,7210,2,-34,1010,-406,190,-264
3287724,-11,3,1030,420,-210,7350,8,-18,1025,-412,193,-264
3293904,-11,3,1030,420,-210,7280,8,-18,1025,-420,187,-265
3300084,-35,-46,1005,140,0,7280,-51,16,951,-420,187,-265
3306264,-50,-12,1018,630,-490,9170,20,-2,1051,-418,192,-262
3312444,-50,-12,1018,630,-490,9170,20,-2,1051,-417,187,-262
3318624,-44,-27,983,0,70,11340,-28,12,991,-417,187,-262
3324804,-32,-21,1052,420,-210,11480,-22,0,994,-411,186,-259
3330984,-32,-21,1052,420,-210,11480,-22,0,994,-411,186,-259
3337164,-54,-38,987,-70,350,11760,-27,19,978,-423,192,-258
3343344,-54,-38,987,630,-350,11550,-27,19,978,-415,195,-267
3349524,-30,-18,1022,630,-350,11550,-11,-9,1014,-415,195,-267
3355704,-24,-20,1023,0,70,10990,0,-2,973,-420,195,-252
3361884,-24,-20,1023,0,70,8890,0,-2,973,-417,186,-253
3368064,-26,-16,1006,350,-70,8890,5,-18,1046,-417,186,-253
3374244,-13,0,1023,630,-140,6510,5,-18,952,-426,193,-250
3380424,-13,0,1023,630,-140,6510,17,-4,952,-426,193,-250
3386603,-24,-2,1003,350,140,3710,0,-11,1039,-418,193,-241
3392783,-35,-15,1013,560,-420,1260,0,-11,1039,-414,192,-249
3398963,-35,-15,1013,560,-420,1260,-13,4,982,-414,192,-249
3405143,-38,-18,1004,560,-140,980,-7,-13,1027,-421,183,-246
3411323,-38,-18,1004,560,-280,1330,-7,-13,1027,-417,184,-244
3417503,-21,-16,1035,560,-280,1330,-13,-8,995,-417,184,-244
3423683,-38,-23,977,140,140,2100,-13,-8,995,-420,184,-253
3429863,-38,-23,977,140,140,2660,1,-14,1020,-420,184,-253
3436043,-15,-8,1030,700,-350,2660,-12,-3,956,-418,190,-252
3442223,-30,-24,999,490,-70,3220,-12,-3,956,-433,195,-250
3448403,-30,-24,999,490,-70,3220,-15,-6,994,-433,195,-250
3454583,-18,-19,1021,630,-210,4550,-15,-41,1012,-430,193,-250
3460763,-10,7,1019,630,-280,7000,-2,-41,1012,-429,192,-237
3466943,-10,7,1019,630,-280,7000,0,-19,968,-429,192,-237
3473123,-13,-11,1003,-210,210,9590,0,-19,968,-421,192,-247
3479303,-13,-11,1003,420,-140,11550,20,-42,1045,-421,192,-247
3485483,14,15,1056,420,-140,11550,9,-36,987,-433,192,-246
3491663,-9,-1,981,140,140,13440,9,-36,987,-424,181,-247
3497843,-9,-1,981,140,140,15540,21,-51,1016,-424,181,-247
3504023,-1,11,1026,350,-210,15540,21,-51,1016,-430,196,-249
3510203,1,-3,1008,0,-140,18690,3,-35,1002,-424,177,-235
3516383,1,-3,1008,0,-140,18690,7,-43,997,-424,177,-235
3522562,2,-4,1012,280,70,21350,7,-43,997,-430,189,-246
3528742,3,-6,1024,350,-280,24080,4,-41,1013,-430,189,-246
3534922,3,-6,1024,350,-280,24080,-34,-41,972,-427,187,-241
3541102,0,-36,995,-210,210,27580,-34,-41,972,-435,189,-247
3547282,0,-36,995,420,-280,31220,10,-16,1031,-435,189,-247
3553462,-23,-3,1035,420,-280,31220,10,-16,1031,-436,174,-250
3559642,-35,-21,998,-490,140,35140,-21,-4,972,-442,178,-235
3565822,-35,-21,998,-490,140,39340,-4,-14,1024,-442,178,-235
3572002,-35,-20,1022,140,-140,39340,-4,-14,1024,-432,189,-247
3578182,-43,-29,1011,-280,70,42770,-29,11,976,-432,189,-247
3584362,-43,-29,1011,-280,70,42770,-29,11,1015,-435,184,-237
3590542,-55,-51,1022,-490,70,46620,-28,18,1015,-435,183,-243
3596722,-59,-40,999,-350,210,50190,-34,15,1004,-435,183,-243
3602902,-59,-40,999,-350,210,50190,-34,15,1004,-439,186,-228
3609082,-47,-52,1009,-840,70,53200,-44,5,979,-448,180,-241
3615262,-47,-52,1009,-210,140,55160,-18,-2,1009,-448,180,-241
3621442,-39,-29,1017,-210,140,55160,-18,-2,1009,-451,190,-246
3627622,-39,-36,973,-700,280,56070,-28,-7,1005,-451,190,-246
3633802,-39,-36,973,-700,280,57050,-28,-7,1005,-453,181,-244
3639982,-19,-28,1038,-560,0,57050,-22,-10,983,-447,177,-229
3646162,-31,-24,976,-420,-70,58170,-3,-28,1040,-447,177,-229
3652342,-31,-24,976,-420,-70,58170,-3,-28,1040,-466,172,-238
3658522,-17,-10,1043,-420,70,58800,0,7,951,-459,172,-231
3664701,-36,-27,971,-560,140,59290,0,-17,1057,-459,172,-231
3670881,-36,-27,971,-560,140,59290,-9,-17,1057,-463,183,-228
3677061,-19,-16,1033,-560,70,59640,-37,1,943,-463,183,-228
3683241,-19,-16,1033,-350,70,59710,-37,1,943,-465,168,-238
3689421,-34,-34,996,-350,70,59710,4,-4,1026,-478,168,-234
3695601,-39,-26,995,-840,210,59780,-20,-22,1028,-478,168,-234
3701781,-39,-26,995,-840,210,60130,-20,-22,1028,-477,171,-234
3707961,0,-27,1051,-770,70,60130,-36,-14,962,-472,165,-228
3714141,-20,-32,995,-560,210,60270,-36,-14,962,-472,165,-228
3720321,-20,-32,995,-560,210,60270,-14,-31,1016,-466,172,-237
3726501,-2,-18,1011,-910,140,60410,-9,-27,965,-466,172,-237
3732681,5,-11,993,-630,140,60480,-9,-27,965,-480,175,-228
3738861,5,-11,993,-630,140,60480,25,-48,1039,-487,169,-232
3745041,13,10,988,-280,-70,59850,38,-77,991,-487,169,-232
3751221,13,10,988,-490,70,58730,38,-77,991,-484,156,-228
3757401,35,50,1034,-490,70,58730,29,-54,967,-480,160,-238
3763581,26,24,1010,-700,-70,58170,29,-54,967,-480,160,-238
3769761,26,24,1010,-700,-70,57400,47,-67,1024,-489,156,-228
3775941,31,8,1020,-910,420,57400,5,-57,1018,-489,156,-228
3782121,18,-15,1009,-560,0,56840,5,-57,1018,-484,159,-228
3788301,18,-15,1009,-560,0,56840,-32,-27,992,-501,151,-229
3794481,-14,-37,1014,-490,140,56980,-32,-27,1003,-501,151,-229
3800660,-24,-26,1006,-980,210,57610,-25,-9,1003,-499,147,-216
3806840,-24,-26,1006,-980,210,57610,-15,-17,978,-499,157,-231
3813020,-21,-19,1026,-630,70,59080,-15,-17,978,-502,157,-231
3819200,-21,-19,1026,-910,210,61320,-21,-15,1021,-502,148,-229
3825380,-16,-27,1010,-910,210,61320,-1,-37,997,-502,148,-229
3831561,-3,-15,1017,-490,-70,64050,-1,-37,997,-492,148,-223
3837740,-3,-15,1017,-490,-70,64050,-10,-54,1017,-499,150,-228
3843920,8,-28,995,-980,350,66360,-10,-54,1017,-499,150,-228
3850100,25,-29,991,-630,-70,68390,-31,-59,955,-514,147,-229
3856280,25,-29,991,-630,-70,68390,-15,-57,1025,-514,136,-217
3862460,10,-29,1022,-630,140,70980,-15,-57,1025,-514,136,-217
3868640,1,-11,947,-980,210,74620,-7,-32,940,-511,144,-220
3874820,1,-11,947,-980,210,74620,-7,-40,1050,-511,144,-220
3881000,4,-2,1015,-1050,-70,76580,5,-40,1050,-520,142,-228
3887180,4,-2,1015,-1050,210,77350,0,-42,975,-523,136,-226
3893360,13,-17,914,-1050,210,77350,0,-42,975,-523,136,-226
3899540,9,7,1027,-840,350,77560,19,-59,1037,-523,130,-226
3905720,9,7,1027,-840,350,77560,14,-60,1009,-523,130,-226
3911900,28,10,1029,-840,210,76860,14,-60,1009,-523,130,-223
3918080,26,0,987,-1050,490,75600,10,-58,939,-534,135,-222
3924260,26,0,987,-1050,490,75600,10,-58,939,-534,135,-222
3930440,32,3,983,-840,-140,74690,21,-63,1070,-534,126,-222
3936619,27,-13,978,-1190,350,73570,-16,-68,967,-531,129,-220
3942799,27,-13,978,-1190,350,73570,-16,-68,967,-531,129,-220
3948979,28,9,1061,-420,0,73220,15,-52,1001,-535,118,-214
3955159,28,9,1061,-980,210,73220,-13,-63,1003,-535,118,-214
3961339,13,-27,976,-980,210,73220,-13,-63,1003,-528,121,-222
3967519,27,-13,1034,-980,70,74130,-2,-61,1003,-537,120,-219
3973699,27,-13,1034,-980,70,74130,-2,-61,1003,-537,120,-219
3979879,41,-8,1020,-630,0,75250,11,-79,1026,-540,121,-214
3986059,14,-3,981,-910,210,77210,-10,-58,968,-547,112,-214
3992239,14,-3,981,-910,210,77210,-10,-58,968,-547,112,-214
3998419,13,27,1056,-350,-210,79240,50,-30,1038,-543,114,-219
4004599,-18,0,972,-1330,560,79660,50,-30,1038,-543,114,-219
4010779,-18,0,972,-1330,560,79660,4,-18,967,-556,105,-220
4016959,-20,6,1039,-420,-280,80080,9,-10,1004,-547,105,-217
4023139,-20,6,1039,-1120,420,79940,9,-10,1004,-547,105,-217
4029319,-26,-22,1005,-1120,420,79940,-9,-5,1019,-552,106,-219
4035499,-29,-16,1006,-700,0,79730,-22,-16,960,-549,94,-213
4041679,-29,-16,1006,-700,0,79730,-22,-16,960,-549,94,-213
4047859,-9,-19,1005,-980,210,79030,20,-24,1033,-549,106,-210
4054039,5,-1,1016,-840,210,78260,20,-24,1033,-549,106,-210
4060219,5,-1,1016,-840,210,78260,-12,-52,961,-561,96,-214
4066399,15,-8,1016,-840,140,76860,8,-60,1031,-555,100,-207
4072579,19,3,1013,-700,280,75460,8,-60,1031,-555,100,-207
4078758,19,3,1013,-700,280,75460,8,-47,984,-550,91,-216
4084938,7,5,1020,-910,210,73780,8,-40,992,-564,85,-217
4091118,7,5,1020,-980,210,72520,18,-40,992,-564,85,-217
4097298,3,3,997,-980,210,72520,36,-30,1034,-558,84,-216
4103478,-14,27,1027,-630,210,71890,36,-30,1034,-558,84,-216
4109658,-14,27,1027,-630,210,71890,11,-14,959,-561,81,-211
4115838,-25,17,1004,-630,0,70840,18,0,1000,-555,82,-205
4122018,-34,-3,1001,-1050,210,70700,18,0,1000,-555,82,-205
4128198,-34,-3,1001,-1050,210,70700,11,-7,1011,-561,73,-208
4134378,-19,4,1044,-350,-140,71470,11,-7,1011,-571,84,-208
4140558,-22,-24,970,-1050,420,71260,-7,-10,968,-571,84,-208
4146738,-22,-24,970,-1050,420,71260,-2,-27,1042,-568,78,-210
4152918,-13,-1,1060,-280,0,70560,-2,-27,1042,-568,78,-210
4159098,-13,-1,1060,-840,280,68180,5,-5,976,-574,67,-213
4165278,-19,-14,991,-840,280,68180,-4,-18,988,-565,72,-211
4171458,-9,-15,1002,-630,70,66010,-4,-18,988,-565,72,-211
4177638,-9,-15,1002,-630,70,66010,7,-11,1045,-573,72,-217
4183818,-16,-5,1052,-350,0,64050,7,-11,1045,-580,70,-216
4189998,-28,-33,980,-700,140,62160,-21,-11,973,-580,70,-216
4196178,-28,-33,980,-700,140,62160,-21,-1,1002,-579,52,-216
4202358,-36,-30,1019,-840,140,61390,-21,-1,1002,-579,52,-216
4208538,-35,-15,1029,-350,-140,61390,-2,3,1021,-583,48,-207
4214717,-35,-15,1029,-350,-140,61390,-2,3,1021,-583,63,-214
4220898,-37,-20,998,-840,280,61460,-12,0,982,-583,63,-214
4227077,-37,-20,998,-840,0,61740,3,-4,1006,-577,49,-208
4233257,-35,-8,1019,-840,0,61740,3,-4,1006,-568,52,-217
4239437,-37,-3,1023,-560,0,63210,-1,3,1004,-568,52,-217
4245617,-37,-3,1023,-560,0,63210,7,-3,985,-573,51,-213
4251797,-25,-24,991,-910,280,64260,7,-3,985,-573,51,-213
4257977,-16,-1,1019,-560,0,64470,-6,-12,1006,-585,49,-211
4264157,-16,-1,1019,-560,0,64470,-6,-12,1006,-582,52,-205
4270337,-27,12,1024,-420,140,63770,29,-18,1038,-582,52,-205
4276517,-8,-11,994,-1190,420,62440,3,-24,951,-588,45,-207
4282697,-8,-11,994,-1190,420,62440,3,-24,951,-594,45,-208
4288877,-7,16,1041,-210,-70,61460,3,-24,1013,-594,45,-208
4295057,-7,16,1041,-770,210,60270,3,-34,1015,-585,36,-208
4301237,-5,-5,972,-770,210,60270,20,-34,1015,-585,36,-208
4307417,-16,30,1038,-280,-140,59080,29,-17,991,-586,30,-205
4313597,-16,30,1038,-280,-140,59080,29,-17,991,-585,30,-222
4319777,-15,6,1011,-840,210,58170,29,-23,1010,-585,30,-222
4325957,-20,16,1002,-490,140,57120,22,-17,992,-583,34,-207
4332137,-20,16,1002,-490,140,57120,22,-17,992,-585,25,-207
4338317,-2,16,1027,-350,-140,56350,12,-30,1014,-585,25,-207
4344497,-4,-10,1002,-840,140,56210,12,-30,1014,-579,22,-198
4350677,-4,-10,1002,-840,140,56210,6,-41,1019,-579,22,-198
4356856,0,2,1021,-420,280,56350,2,-25,978,-588,24,-204
4363036,0,2,1021,-700,-140,56630,2,-25,978,-591,28,-207
4369216,-14,0,1012,-700,-140,56630,30,-22,1022,-591,28,-207
4375396,-24,18,1012,-490,210,57960,23,-15,983,-589,19,-207
4381576,-24,18,1012,-490,210,57960,23,-15,983,-589,15,-202
4387756,-19,35,1018,-490,-70,59080,35,-4,999,-589,15,-202
4393936,-27,13,990,-560,140,59920,35,-4,999,-588,16,-211
4400116,-27,13,990,-560,140,59920,41,-4,1016,-588,16,-211
4406296,-30,34,1048,-140,-140,60410,16,-3,978,-594,18,-214
4412476,-23,-13,975,-840,280,59430,16,-3,978,-600,12,-208
4418656,-23,-13,975,-840,280,59430,8,-22,1037,-600,12,-208
4424836,-19,6,1059,-280,-140,58870,8,-22,1037,-592,18,-207
4431016,-19,6,1059,-840,350,57540,-13,-2,956,-592,6,-208
4437196,-22,-30,982,-840,350,57540,0,-14,1037,-588,6,-208
4443376,-20,-3,1023,-70,0,57750,0,-14,1037,-588,9,-220
4449556,-20,-3,1023,-70,0,57750,-2,-24,996,-588,9,-220
4455736,-11,-7,1020,-980,210,57820,-3,-33,991,-583,4,-217
4461916,-7,0,1011,-700,70,58940,-3,-33,991,-580,3,-205
4468096,-7,0,1011,-700,70,58940,16,-25,1015,-580,3,-205
4474276,-15,-3,1015,-490,140,61040,16,-25,1015,-597,-7,-208
4480456,-15,-3,1020,-770,70,63490,4,-28,1021,-597,-3,-210
4486635,-15,-3,1020,-770,70,63490,11,-9,977,-594,-3,-210
4492816,-36,0,991,-420,70,66500,11,-9,977,-603,-4,-199
4498996,-36,0,991,-630,140,70070,21,0,1016,-603,-4,-199
4505175,-45,7,1028,-630,140,70070,21,4,980,-592,1,-210
4511355,-47,-14,1000,-560,140,73920,-10,4,980,-598,-9,-195
4517535,-47,-14,1000,-560,140,73920,0,-4,1007,-598,-9,-195
4523715,-36,-11,1016,-700,140,77840,0,-4,1007,-595,-19,-213
4529895,-29,-23,1021,-560,-70,81130,-15,-11,1026,-595,-19,-213
4536075,-29,-23,1021,-560,-70,81130,-27,-3,972,-604,-18,-208
4542255,-36,-38,997,-1260,490,84070,-27,-3,972,-600,-25,-211
4548435,-36,-20,1001,-1050,280,85960,-12,-1,999,-600,-25,-211
4554615,-29,-20,1001,-1050,280,85960,-12,-1,999,-583,-31,-202
4560795,-27,-6,1006,-910,-70,87430,11,-11,1009,-583,-28,-199
4566975,-27,-6,1006,-980,350,87920,21,-4,972,-583,-28,-199
4573155,-20,9,1011,-980,350,87920,21,-4,972,-592,-27,-210
4579335,-8,21,1030,-420,-210,86660,41,-30,1066,-592,-27,-210
4585515,-8,21,1030,-420,-210,86660,3,-28,932,-594,-34,-205
4591695,-2,-7,997,-1820,840,82880,3,-28,932,-598,-39,-204
4597875,7,24,1036,-420,-210,78820,26,-33,1042,-598,-39,-204
4604055,7,24,1036,-420,-210,78820,26,-33,1042,-600,-48,-201
4610235,-12,1,976,-980,490,74060,7,-14,984,-591,-40,-201
4616415,-12,-2,1031,-350,-350,69160,16,-5,1008,-591,-40,-201
4622594,-9,-2,1031,-350,-350,69160,16,-5,1008,-598,-39,-199
4628774,-28,-7,1021,-560,140,64540,-7,-15,1041,-598,-39,-199
4634954,-28,-7,1021,-840,350,60690,-7,-15,1041,-598,-46,-211
4641134,-27,-22,998,-840,350,60690,-8,6,972,-592,-42,-198
4647314,-22,-8,1044,-770,-140,58940,3,-5,992,-592,-42,-198
4653494,-22,-8,1044,-770,-140,58940,3,-5,992,-592,-52,-210
4659674,-42,-10,972,-770,210,59430,4,-7,1031,-594,-52,-211
4665854,-31,-7,1015,-840,210,61180,-5,1,949,-594,-52,-211
4672034,-31,-7,1015,-840,210,61180,-5,1,949,-580,-52,-208
4678214,-29,-2,1041,-770,-70,62580,14,-2,998,-580,-52,-208
4684394,-29,0,975,-840,350,63140,14,-2,998,-589,-57,-202
4690574,-41,0,975,-840,350,63140,23,-5,1007,-597,-63,-201
4696754,-29,31,1043,-210,-140,62370,23,10,982,-597,-63,-201
4702934,-29,31,1043,-630,70,59850,23,10,982,-580,-64,-202
4709114,-34,5,995,-630,70,59850,25,-10,1032,-600,-64,-196
4715294,-30,-2,1025,-280,70,56420,25,5,978,-600,-64,-196
4721474,-30,-2,1025,-280,70,56420,-2,5,978,-594,-67,-205
4727654,-30,-4,1022,-280,-140,52570,1,1,988,-594,-67,-205
4733834,-14,-1,994,-700,140,48440,1,1,988,-592,-72,-199
4740014,-14,-1,994,-700,140,48440,22,-39,1024,-588,-69,-210
4746194,12,11,1018,-210,70,44380,16,-44,989,-588,-69,-210
4752374,12,10,1015,140,-140,40460,16,-44,989,-589,-69,-204
4758554,4,10,1015,140,-140,40460,21,-35,1001,-594,-67,-205
4764733,14,14,1029,-210,-140,37310,21,-35,1001,-594,-67,-205
4770914,14,14,1029,-70,-70,34650,4,-45,993,-579,-63,-201
4777093,10,-10,1009,-70,-70,34650,8,-25,1013,-579,-63,-201
4783273,-12,1,1013,-140,-70,33250,8,-25,1013,-591,-72,-196
4789453,-12,1,1013,-140,-70,33250,12,-15,991,-588,-79,-199
4795633,-23,-1,1013,-210,140,33390,5,-15,997,-588,-79,-199
4801813,-25,-5,1005,-350,70,34860,5,-15,997,-583,-82,-196
4807993,-25,-5,1005,-350,70,34860,16,-30,998,-589,-79,-201
4814173,-15,13,1006,70,-280,37380,16,-30,998,-589,-79,-201
4820353,-15,19,1021,0,-140,40250,30,-22,1002,-591,-82,-211
4826533,-7,19,1021,0,-140,40250,30,-25,1011,-591,-82,-211
4832713,-11,19,1020,-70,0,39830,30,-25,1011,-582,-78,-196
4838893,-11,19,1020,-210,70,37870,-1,-24,993,-586,-82,-202
4845073,-5,-11,1007,-210,70,37870,-1,-24,993,-586,-82,-202
4851253,-16,-4,1018,140,-210,35910,5,-20,1004,-579,-85,-210
4857433,-16,-4,1018,140,-210,35910,0,-16,986,-586,-87,-202
4863613,-15,-7,1005,0,70,35420,0,-16,986,-586,-87,-202
4869793,-34,-8,1014,210,-140,35210,2,2,1005,-579,-81,-192
4875973,-34,-8,1014,210,-140,35210,-6,3,978,-579,-81,-192
4882153,-37,-12,1005,-280,210,34300,-6,3,978,-588,-85,-202
4888333,-37,-13,1027,70,-70,33740,-3,0,1037,-589,-85,-198
4894513,-34,-13,1027,70,-70,33740,-3,0,1037,-589,-85,-198
4900692,-44,-27,994,-280,-70,33880,-15,11,970,-580,-96,-205
4906873,-44,-27,994,210,-140,33740,5,14,1012,-594,-96,-208
4913052,-48,0,1047,210,-140,33740,5,14,1012,-594,-96,-208
4919232,-45,0,990,-140,0,32270,23,5,1012,-580,-93,-196
4925412,-45,0,990,-140,0,32270,23,-20,959,-580,-93,-196
4931592,-21,0,999,0,0,30660,4,-20,959,-579,-94,-202
4937772,-19,27,1060,910,-700,29540,36,-8,1070,-580,-94,-205
4943952,-19,27,1060,910,-700,29540,36,-8,1070,-580,-94,-205
4950132,-29,-12,959,-700,560,26320,-8,-13,953,-589,-88,-205
4956312,-29,-12,1058,350,-350,25270,-12,-8,1009,-583,-99,-204
4962492,-14,-11,1058,350,-350,25270,-12,-8,1009,-583,-99,-204
4968672,-48,-32,986,-140,0,26810,-9,10,1004,-573,-87,-198
4974852,-48,-32,986,0,-140,29190,-9,10,1004,-573,-87,-198
4981032,-51,-11,1031,0,-140,29190,-10,17,978,-580,-97,-199
4987212,-60,-14,1009,0,140,31290,0,29,1024,-573,-105,-207
4993392,-60,-14,1009,0,140,31290,0,29,1024,-573,-105,-207
4999572,-78,-12,1006,-280,140,32060,-7,34,966,-573,-100,-199
5005752,-26,0,1020,-70,-420,31500,14,-24,1032,-573,-94,-198
5011932,-26,0,1020,-70,-420,31500,14,-24,1032,-582,-94,-198
5018112,-7,-2,1000,-280,280,30870,14,-25,996,-573,-96,-196
5024292,-7,-2,1031,70,-140,28490,14,-25,996,-573,-96,-196
5030472,1,3,1031,70,-140,28490,7,-36,988,-580,-102,-202
5036651,3,7,997,-140,-140,26600,27,-40,1018,-582,-102,-202
5042832,3,7,997,140,-140,25480,27,-40,1018,-582,-102,-202
5049012,5,12,1020,140,-140,25480,8,-34,988,-576,-103,-208
5055191,-13,-6,1005,70,-70,24710,8,-34,988,-576,-102,-198
5061371,-13,-6,1005,70,-70,24710,16,-6,1013,-576,-102,-198
5067551,-39,6,1021,140,-280,24850,8,29,997,-576,-105,-196
5073731,-61,3,1007,-70,-70,22190,8,29,997,-576,-105,-196
5079911,-61,3,1007,-70,-70,22190,7,35,986,-571,-100,-211
5086091,-64,-13,1014,140,-210,18620,-1,0,1013,-577,-106,-207
5092271,-64,-13,1020,280,-210,16380,-1,0,1013,-577,-106,-207
5098451,-23,-9,1020,280,-210,16380,0,-9,981,-574,-111,-201
5104631,-30,-6,998,-70,140,15890,0,-9,981,-574,-111,-199
5110811,-30,-6,998,350,-350,15400,29,-16,1008,-571,-111,-199
5116991,-16,20,1025,350,-350,15400,36,-19,981,-577,-105,-204
5123171,1,39,1010,140,-210,14140,36,-19,981,-577,-105,-204
5129351,1,39,1010,140,-210,14140,57,-75,1015,-574,-109,-204
5135531,53,43,1020,420,70,10150,57,-84,997,-574,-112,-204
5141711,55,7,1016,560,-280,5320,17,-84,997,-574,-112,-204
5147891,55,7,1016,560,-280,5320,4,-63,990,-568,-111,-201
5154071,28,-4,1004,280,-70,2310,4,-63,990,-568,-111,-201
5160251,28,-4,1028,560,-280,350,7,-42,1014,-568,-114,-208
5166431,4,-1,1028,560,-280,350,0,-14,991,-570,-108,-204
5172611,-22,-9,1001,280,-70,-560,0,-14,991,-570,-108,-204
5178791,-22,-9,1001,560,-280,-770,5,-11,1012,-571,-112,-204
5184971,-25,-2,1023,560,-280,-770,5,-11,1012,-561,-111,-202
5191151,-24,-7,1007,420,-140,-770,1,-11,996,-561,-111,-202
5197330,-24,-7,1007,420,-140,-770,1,-33,1007,-570,-121,-207
5203510,-3,-7,1020,560,-140,-980,1,-33,1007,-570,-121,-207
5209690,-21,-6,1008,420,-70,-1050,2,-14,995,-570,-112,-204
5215870,-21,-6,1008,420,-70,-1050,8,-8,994,-573,-103,-208
5222050,-26,0,1016,420,-140,-1190,8,-8,994,-573,-103,-208
5228230,-26,0,1014,490,-280,-1680,8,-4,1001,-583,-115,-195
5234410,-29,2,1014,490,-280,-1680,8,-4,1001,-576,-117,-201
5240590,-37,-1,1008,420,-210,-2800,5,9,990,-576,-117,-201
5246770,-37,-1,1008,560,-350,-4830,-4,3,1009,-562,-109,-199
5252950,-33,-11,1016,560,-350,-4830,-4,3,1009,-562,-109,-199
5259130,-43,-29,1009,630,-210,-6790,-20,13,990,-586,-99,-198
5265310,-43,-29,1009,630,-210,-6790,-20,13,990,-573,-111,-205
5271490,-39,-29,1013,700,-350,-9170,-20,4,1002,-573,-111,-205
5277670,-30,-32,1016,490,-210,-10990,-25,4,993,-573,-112,-204
5283850,-30,-32,1016,490,-210,-10990,-25,4,993,-562,-97,-198
5290030,-39,-48,1012,770,-280,-12530,-38,-11,1012,-562,-97,-198
5296210,-39,-48,1020,770,-280,-12320,-29,-19,994,-574,-117,-208
5302390,-10,-39,1020,770,-280,-12320,-29,-19,994,-574,-117,-208
5308570,-32,-33,998,420,-140,-11480,-18,0,1009,-580,-115,-216
5314750,-32,-33,998,700,-140,-12320,-18,0,1009,-580,-109,-208
5320930,-30,-16,1020,700,-140,-12320,-12,-6,997,-580,-109,-208
5327110,-24,-7,1015,840,-210,-13230,9,-15,1019,-577,-112,-207
5333289,-24,-7,1015,840,-210,-13230,9,-15,1019,-582,-117,-198
5339469,-26,-14,1005,560,-70,-13440,-10,-4,973,-582,-117,-198
5345649,-17,3,1030,1260,-560,-13720,-10,-25,1051,-574,-100,-207
5351829,-17,3,1030,1260,-560,-13720,18,-25,1051,-574,-100,-207
5358009,-28,-19,973,210,0,-13510,-11,0,959,-574,-108,-207
5364189,-28,-19,1072,1470,-700,-13790,-11,0,959,-579,-109,-198
5370369,-15,4,1072,1470,-700,-13790,5,-16,1006,-579,-109,-198
5376549,-33,-18,966,0,350,-13860,-4,-18,1022,-570,-103,-195
5382729,-33,-18,966,1120,-630,-13790,-4,-18,1022,-577,-94,-204
5388909,-18,0,1043,1120,-630,-13790,-3,-2,956,-577,-94,-204
5395089,-21,-15,990,700,-140,-13790,-3,-2,956,-567,-117,-211
5401269,-21,-15,990,700,-140,-13790,30,-32,1080,-567,-117,-211
5407449,-12,21,1036,1050,-350,-13580,2,-16,933,-577,-108,-198
5413629,-16,2,994,560,-280,-12670,2,-16,933,-567,-100,-204
5419809,-16,2,994,560,-280,-12670,20,-27,1039,-567,-100,-204
5425989,-16,-1,1028,560,-140,-11760,6,-25,1002,-580,-105,-198
5432169,-16,-1,1020,980,-490,-11200,6,-25,1002,-565,-103,-205
5438349,-13,14,1020,980,-490,-11200,2,-12,981,-565,-103,-205
5444529,-27,-12,978,140,210,-10430,2,-12,981,-571,-100,-202
5450708,-27,-12,978,1190,-630,-10500,2,-15,1018,-571,-100,-202
5456889,-20,-8,1056,1190,-630,-10500,0,-15,971,-571,-108,-211
5463069,-18,5,977,910,-210,-10570,0,-15,971,-573,-93,-204
5469249,-18,5,977,910,-210,-10570,33,-31,1029,-573,-93,-204
5475428,-7,14,1033,770,-350,-9590,33,-31,1029,-580,-97,-211
5481608,-5,17,1035,840,-350,-8260,15,-31,1008,-570,-108,-201
5487788,-5,17,1035,840,-350,-8260,5,-14,949,-570,-108,-201
5493968,-25,-7,959,-70,280,-7000,5,-14,949,-574,-105,-211
5500148,-25,-7,1077,1120,-700,-6370,21,-31,1074,-574,-105,-211
5506328,-7,12,1077,1120,-700,-6370,-11,-1,928,-570,-108,-201
5512508,-32,-20,950,0,280,-5950,-11,-1,928,-574,-102,-213
5518688,-32,-20,950,0,-770,-5880,21,-22,1054,-574,-102,-213
5524868,-13,12,1059,1190,-770,-5880,21,-22,1054,-562,-103,-210
5531048,-25,-14,985,350,0,-5460,-8,-13,977,-577,-97,-204
5537228,-25,-14,985,350,0,-5460,4,-10,1006,-577,-97,-204
5543408,-22,-5,1029,630,-210,-5530,4,-10,1006,-573,-105,-210
5549588,-17,4,1011,770,-280,-5600,15,-26,1016,-573,-105,-210
5555768,-17,4,1011,770,-280,-5600,15,-20,969,-570,-100,-196
5561948,-15,0,1002,280,0,-4970,1,-20,969,-576,-105,-204
5568128,-15,0,1002,910,-490,-4060,21,-27,1043,-576,-105,-204
5574308,-8,11,1042,910,-490,-4060,21,-27,1043,-567,-102,-193
5580488,-30,-17,974,140,70,-3360,-10,-4,958,-567,-85,-210
5586668,-30,-17,974,140,-560,-3570,2,-10,1033,-576,-85,-210
5592848,-19,-2,1048,910,-560,-3570,2,-10,1033,-565,-93,-201
5599028,-27,-14,986,420,0,-3780,2,-12,987,-565,-93,-201
5605207,-27,-14,986,420,0,-3780,2,-12,987,-570,-103,-202
5611387,-18,0,1030,700,-420,-3850,2,-14,996,-571,-105,-207
5617567,-24,-11,1003,490,-210,-3640,1,-16,1024,-571,-105,-207
5623747,-24,-11,1003,490,-210,-3640,1,-16,1024,-568,-99,-205
5629927,-22,-8,1015,490,-140,-3780,-4,-12,973,-568,-94,-204
5636107,-22,-8,1015,770,-280,-3850,11,-17,1034,-567,-94,-204
5642287,-20,-4,1021,770,-280,-3850,11,-17,1034,-574,-87,-199
5648467,-20,-2,995,420,-70,-3780,10,-22,980,-574,-87,-199
5654647,-20,-2,995,420,-490,-3150,10,-22,980,-571,-100,-204
5660827,-9,15,1035,840,-490,-3150,19,-27,1006,-576,-93,-214
5667007,-17,0,994,350,-70,-2030,10,-21,1008,-576,-93,-214
5673187,-17,0,994,350,-70,-2030,10,-21,1008,-570,-100,-205
5679367,-17,0,1026,630,-280,-1330,-3,-9,981,-570,-100,-201
5685547,-23,-7,1011,490,-140,-1260,-3,-9,981,-571,-93,-201
5691727,-23,-7,1011,490,-140,-1260,4,-15,1018,-574,-90,-201
5697907,-24,-8,1007,420,-70,-1190,0,-10,990,-574,-90,-201
5704087,-24,-8,1007,700,-350,-1190,0,-10,990,-562,-103,-204
5710267,-20,-3,1025,700,-350,-1190,0,-10,1001,-571,-96,-208
5716447,-24,-10,999,420,-70,-1190,3,-13,1006,-571,-96,-208
5722627,-24,-10,999,420,-280,-1260,3,-13,1006,-582,-94,-205
5728806,-20,-3,1024,630,-280,-1260,-3,-10,984,-582,-94,-208
5734987,-23,-6,1010,560,-140,-1260,-3,-10,984,-582,-96,-208
5741167,-23,-6,1010,560,-140,-1260,4,-14,1009,-577,-93,-210
5747347,-23,-6,1011,490,-140,-1260,1,-12,998,-577,-93,-210
5753526,-19,-4,1022,630,-280,-1190,1,-12,998,-583,-102,-204
5759706,-19,-4,1022,630,-280,-1190,1,-13,999,-573,-90,-210
5765886,-24,-10,1002,420,-140,-1190,1,-16,1015,-573,-90,-210
5772066,-24,-10,1002,630,-280,-1260,6,-16,1015,-579,-106,-216
5778246,-21,-4,1023,630,-280,-1260,0,-10,992,-579,-106,-216
5784426,-24,-8,1008,490,-210,-1260,0,-10,992,-577,-106,-207
5790606,-24,-8,1008,490,-210,-1330,2,-13,1011,-576,-99,-210
5796786,-23,-7,1012,490,-210,-1330,0,-15,1000,-576,-99,-210
5802966,-22,-7,1018,560,-280,-1400,0,-15,1000,-580,-100,-205
5809146,-22,-7,1018,560,-280,-1400,-4,-9,999,-571,-103,-205
5815326,-25,-11,1006,490,-210,-1540,-4,-9,999,-571,-103,-205
5821506,-23,-6,1022,630,-280,-1750,0,-15,1010,-576,-102,-217
5827686,-23,-6,1022,630,-280,-1750,-2,-10,994,-576,-102,-217
5833866,-24,-11,1008,490,-210,-1890,-2,-10,994,-571,-103,-205
5840046,-24,-11,1008,560,-210,-2100,1,-10,1003,-571,-96,-204
5846226,-23,-8,1015,560,-210,-2100,0,-11,998,-571,-96,-204
5852406,-22,-7,1015,560,-280,-2240,0,-11,998,-574,-105,-207
5858586,-22,-7,1015,560,-140,-2310,-2,-9,993,-582,-102,-219
5864766,-26,-11,1008,560,-140,-2310,-2,-9,993,-582,-102,-219
5870946,-17,3,1021,630,-280,-2520,12,-18,1004,-570,-109,-214
5877126,-17,3,1021,630,-280,-2520,10,-20,992,-570,-109,-214
5883306,-17,1,1006,490,-140,-2030,10,-20,992,-573,-94,-205
5889485,-18,0,1020,630,-210,-1400,7,-15,1000,-564,-100,-208
5895665,-18,0,1020,630,-210,-1400,7,-15,1000,-564,-100,-208
5901845,-23,-7,1009,560,-210,-1120,1,-14,1006,-577,-99,-216
5908025,-23,-7,1009,560,-210,-1120,0,-10,997,-579,-96,-201
5914205,-21,-5,1014,560,-210,-1120,0,-10,997,-579,-96,-201
5920385,-22,-7,1015,560,-280,-1050,3,-16,1003,-574,-105,-213
5926565,-22,-7,1015,560,-140,-1050,1,-10,994,-574,-105,-213
5932745,-23,-8,1008,490,-140,-1050,1,-10,994,-568,-97,-198
5938925,-20,-5,1019,560,-210,-1050,2,-16,1001,-576,-99,-210
5945105,-20,-5,1019,560,-210,-1050,2,-16,1001,-576,-99,-210
5951285,-22,-7,1008,490,-140,-1120,1,-13,1003,-568,-99,-205
5957465,-21,-5,1017,560,-280,-1120,0,-15,1003,-576,-100,-213
5963645,-21,-5,1017,560,-280,-1120,0,-15,1003,-576,-100,-213
5969825,-23,-6,1012,490,-210,-1050,3,-18,1006,-568,-105,-204
5976005,-23,-6,1012,560,-210,-1050,3,-18,1003,-568,-105,-204
5982185,-21,-6,1014,560,-210,-1050,1,-10,1003,-580,-99,-216
5988365,-22,-5,1016,560,-210,-1120,4,-15,1009,-580,-106,-201
5994545,-22,-5,1016,560,-210,-1050,4,-15,1009,-580,-106,-201
6000725,-22,-7,1009,490,-210,-1050,1,-14,1000,-567,-106,-207
6006905,-21,-6,1018,560,-210,-1050,2,-14,997,-567,-97,-202
6013085,-21,-6,1018,560,-210,-1050,2,-14,997,-567,-97,-202
6019264,-22,-8,1009,490,-210,-1120,1,-15,1003,-579,-97,-202
6025444,-20,-5,1015,560,-210,-1120,1,-15,1003,-579,-97,-202
6031624,-20,-5,1015,560,-210,-1120,0,-12,995,-577,-93,-198
6037804,-21,-6,1012,560,-210,-1050,2,-14,1007,-580,-102,-202
6043984,-21,-6,1012,560,-210,-1050,2,-14,1007,-580,-102,-202
6050164,-22,-5,1013,560,-210,-1050,0,-12,999,-579,-100,-204
6056344,-21,-6,1015,560,-210,-1120,2,-11,1003,-577,-96,-208
6062524,-21,-6,1015,560,-210,-1120,2,-11,1003,-577,-96,-208
6068704,-24,-6,1011,560,-140,-1120,2,-13,1000,-571,-100,-208
6074884,-21,-5,1017,560,-210,-1120,2,-13,1000,-571,-100,-208
6081064,-21,-5,1017,560,-210,-1120,0,-10,996,-573,-99,-204
6087244,-23,-7,1011,560,-210,-1120,1,-13,1003,-571,-108,-219
6093424,-22,-6,1016,560,-210,-1120,1,-13,1003,-571,-108,-219
6099604,-22,-6,1016,560,-210,-1120,0,-13,999,-579,-100,-214
6105784,-21,-6,1013,560,-210,-1120,0,-13,999,-570,-99,-210
6111964,-21,-6,1013,560,-210,-1120,3,-12,1002,-570,-99,-210
6118144,-22,-6,1012,560,-210,-1120,3,-14,1003,-568,-103,-219
6124324,-22,-5,1014,560,-280,-1120,3,-14,1003,-568,-103,-219
6130504,-22,-5,1014,560,-280,-1120,3,-13,1003,-579,-88,-211
6136684,-23,-6,1010,490,-210,-1120,4,-13,1001,-576,-97,-213
6142864,-22,-5,1015,560,-210,-1120,4,-13,1001,-576,-97,-213
6149044,-22,-5,1015,560,-210,-1120,0,-14,999,-577,-97,-211
6155223,-22,-6,1011,560,-210,-1120,0,-14,999,-577,-94,-216
6161403,-22,-5,1016,560,-210,-1120,1,-14,1004,-568,-94,-216
6167583,-22,-5,1016,560,-210,-1120,0,-12,1002,-577,-100,-205
6173763,-22,-7,1012,490,-210,-1120,0,-12,1002,-577,-100,-205
6179943,-22,-7,1012,560,-210,-1120,0,-10,1000,-573,-99,-213
6186123,-22,-7,1013,560,-210,-1120,0,-10,998,-573,-93,-207
6192303,-23,-7,1014,560,-210,-1120,2,-12,998,-573,-93,-207
6198483,-23,-7,1014,560,-210,-1120,0,-10,1000,-579,-96,-204
6204663,-22,-6,1011,490,-210,-1120,0,-10,1000,-579,-102,-210
6210843,-20,-5,1015,560,-210,-1190,2,-15,999,-576,-102,-210
6217023,-20,-5,1015,560,-210,-1190,2,-13,1000,-576,-85,-198
6223203,-22,-6,1011,560,-210,-1190,2,-13,1000,-576,-85,-198
6229383,-22,-5,1014,560,-210,-1190,2,-13,1003,-577,-97,-214
6235563,-22,-5,1014,560,-210,-1190,2,-13,1003,-577,-108,-208
6241743,-23,-6,1014,490,-210,-1190,2,-11,1006,-577,-108,-208
6247923,-23,-6,1014,560,-210,-1190,3,-12,1003,-570,-94,-213
6254103,-22,-6,1013,560,-210,-1190,3,-12,1003,-570,-94,-208
6260283,-22,-5,1014,560,-210,-1190,2,-14,1004,-576,-102,-208
6266463,-22,-5,1014,560,-210,-1120,2,-16,998,-574,-93,-210
6272643,-21,-7,1012,560,-210,-1120,2,-16,998,-574,-93,-210
6278823,-22,-6,1014,630,-140,-1120,1,-13,1005,-576,-99,-211
6285003,-22,-6,1014,630,-140,-1120,1,-13,1005,-573,-97,-213
6291183,-22,-8,1012,560,-210,-1120,2,-16,1002,-573,-97,-213
6297363,-21,-5,1014,560,-210,-1190,2,-13,1002,-579,-103,-213
6303542,-21,-5,1014,560,-210,-1190,2,-13,1002,-579,-103,-210
6309723,-22,-5,1014,560,-210,-1190,2,-14,1002,-562,-97,-210
6315902,-22,-5,1014,560,-210,-1120,2,-14,1002,-573,-100,-204
6322082,-22,-5,1013,560,-210,-1120,1,-11,999,-573,-100,-204
